## Reference values captured from traipse 0.3.0.9001 with geosphere 1.5.20 
## Date: 2026-02-25 13:41:37 UTC 

# ── trips0 id1 first 20 points ──

ref_bearing <- c( 34.5207685919, -26.4750016024, 158.0749290697, -9.1990066797, 98.4537393364, -56.7290950868, 34.1307276223, 12.8844075884, 168.8959701847, 53.0686621582, -34.2576755138, 62.0681521435, 56.2023163169, 80.9624056812, 54.2562389001, 20.6505619041, -60.2760682233, -111.5174736839, 46.4798942180, NA_real_ )

ref_angle <- c( NA_real_, 119.5900724486, 4.4286404381, 13.0878908080, 72.3866315292, 25.5956429237, 89.5222366524, 159.2318550528, 23.7686009703, 64.2987302946, 93.3147204731, 84.1268457769, 175.3726865205, 154.6829639546, 153.6247107474, 146.8644512727, 99.1826941893, 128.3205742823, 22.5009314406, NA_real_ )

ref_turn <- c( NA_real_, -60.9957701943, -175.4500693278, -167.2739357494, 107.6527460161, -155.1828344232, 90.8598227091, -21.2463200339, 156.0115625963, -115.8273080265, -87.3263376720, 96.3258276573, -5.8658358266, 24.7600893643, -26.7061667811, -33.6056769959, -80.9266301275, -51.2414054606, 157.9973679020, NA_real_ )

ref_bearing_to <- c( 99.9145104064, 101.8223154084, 102.5153399694, 100.0057199620, 100.6670450269, 99.9731303702, 100.8515638911, 102.6089720435, 105.3108761782, 103.4334943286, 104.7066499770, 106.7829259231, 108.8517471490, 110.1745081061, 110.4369747690, 111.7749922279, 112.8479818304, 113.5112288013, 112.6387490279, 114.7053479132 )

# ── antimeridian track ──

ref_bearing_anti <- c( 106.2964798290, 109.7124790916, 124.7193393335, 72.6913925820, 76.7689311981, 76.9520809062, 77.1245646383, NA_real_ )

ref_angle_anti <- c( NA_real_, 173.3354400022, 162.3419521641, 129.3233600914, 173.2193985189, 176.5024394394, 176.5789555327, NA_real_ )

ref_turn_anti <- c( NA_real_, 3.4159992625, 15.0068602420, -52.0279467515, 4.0775386161, 0.1831497081, 0.1724837320, NA_real_ )

# ── polar track (bearing only, latitude = -75) ──

ref_bearing_polar <- c( 94.8304497586, 94.8304497586, 94.8304497586, 94.8304497586, 94.8304497586, 94.8304497586, 94.8304497586, 94.8304497586, 94.8304497586, 94.8304497586, 94.8304497586, 94.8304497586, 94.8304497586, 94.8304497586, 94.8304497586, 94.8304497586, 94.8304497586, 94.8304497586, 94.8304497586, 94.8304497586, 94.8304497586, 94.8304497586, 94.8304497586, 94.8304497586, 94.8304497586, 94.8304497586, 94.8304497586, 94.8304497586, 94.8304497586, 94.8304497586, 94.8304497586, 94.8304497586, 94.8304497586, 94.8304497586, 94.8304497586, NA_real_ )

# ── cardinal bearing-to from origin ──

ref_bearing_to_cardinal <- c( 0.0000000000, 90.0000000000, 180.0000000000, -90.0000000000 )

# ── track_intermediate by distance (first interval) ──
# Interval 1: (x[1],y[1]) -> (x[2],y[2]), 50km spacing

ref_inter_d_x <- c( 115.2766532944, 115.4984694774, 115.7186075881, 115.9370913990, 116.1539443500 )

ref_inter_d_y <- c( -42.3757967249, -42.1355439728, -41.8948672243, -41.6537732160, -41.4122685656 )

ref_inter_d_npts <- c( 5, 5, 5, 5, 0 )

# ── track_intermediate by duration (first interval) ──
# Interval 1: 1-hour spacing

ref_inter_t_x <- c( 115.2766532944, 115.4984694774, 115.7186075881, 115.9370913990, 116.1539443500 )

ref_inter_t_y <- c( -42.3757967249, -42.1355439728, -41.8948672243, -41.6537732160, -41.4122685656 )

ref_inter_t_npts <- c( 5, 5, 5, 5, 0 )

